0140514759	0385054483	4
1585360139	0942620518	4
0786880252	0385054483	4
1930806124	0743243803	4
0942620518	0689835302	1
1573226114	0743243803	4
0394712293	0394726405	4
0393008525	0385054483	4
0312131976	1556524056	4
069451909X	0385054483	4
0192854453	0385054483	4
0226042189	0394726405	4
0609809512	0743205405	4
0312870574	0899665144	4
1582431116	0743205405	4
0609608126	0743205405	4
0393018881	0385054483	4
0252013646	0345336976	4
0452278368	1556524056	4
B00005K9U1	0689835302	0
1582431795	0743205405	4
0385491360	0451457315	4
0345336976	0394726405	4
0375751769	0385054483	4
0689835302	1585360139	1
0689835302	B00005K9U1	0
0486247996	0486240533	4
0306809850	0345336976	4
0802134254	0394726405	4
1580630103	0972441409	4
0764550101	0385054483	4
